0,1,2,3,4,5,6,7,8,9,10,11,12,13,14,15,16,17,18,19,20,21,22,23,24,25,26,27,28,29,30,31,32,33,34,35,36,37,38,39,40,41,42,43,44,45,46,47,48,49,50,51,52,53,54,55,56,57,58,59,60,61,62,63,64
1.0,0.21137778703933965,0.03621196267354754,-0.01582046761948625,-0.006096273297016553,0.043161427574132404,0.15646169537353433,0.25455581425409063,-0.3721600225468168,-0.03457795348599836,-0.000211236745486626,-0.011972711817147085,0.03861402330087973,0.05851838684041738,-0.0011479297174548403,-0.0349574442846194,-0.01826780415377569,0.0025401887756625703,-0.0063083096285690915,0.039260484481638436,0.0019502307675913996,-0.009873321736481932,-0.01521929032832571,-0.004439549143667462,-0.029440435200204233,-0.026358061781665,0.01600163089977617,0.017931278021204304,-0.004649976740541566,-0.016277506709814753,-0.0393615087931162,-0.030611286919816027,-0.15277906703497396,-0.029948240518818846,0.015106104467073802,0.008509095928575452,-0.01568215694063221,-0.03270529641260143,-0.044672353907806335,-0.04133133843654216,0.10129255510084301,0.010604096967461861,-0.027041876715068774,-0.018134202761443174,0.010039999360808207,-0.006241124650887897,0.0341817459825624,0.0017692587060075542,0.018516930718932283,0.022882277579526468,0.00022132358300962478,-0.03623672966296902,0.023342942959430856,0.03908357831152533,0.020132515670307126,0.026540300698434636,0.0025838330080296184,0.017102165569385673,0.009205872808739256,0.0033646450170573827,-0.02173691930854958,-0.009214037467442855,-0.02069674689990922,-0.0012227358709263516,0.016889274570202503
0.21137778703933965,1.0,0.378136641068165,0.07553693427063513,-0.05517684143228606,0.003234878454698669,0.1112939438272762,0.162683948748309,-0.035189935850745535,-0.2741902154784406,-0.09408869934919667,-0.03513025863753447,0.0211816554977417,0.0011549202532000165,-0.04527107993435659,-0.04071522326937392,-0.03863141887330065,-0.021596909551269472,-0.007432597920514947,0.02568565099302944,-0.01555850001489193,-0.011405226100602654,-0.009769831956771788,-0.04782535021270638,-0.01780805643778585,-0.08890335534379436,-0.06579584830682252,0.014925145983603989,0.00045482292509110416,0.004298855319017043,-0.020914060407682945,0.0026233866255448205,-0.02208750873090925,-0.10606082814100638,-0.01153513882032231,-0.031335759804288044,0.031372865405920054,-0.02162793813788163,-0.0010022801799302644,-0.022528213987389294,0.03251431562659983,0.0631186288274891,0.04167451655363092,-0.004204339280678434,-0.017317713732888707,0.027574741976993798,0.037644563663891906,0.018682169092823244,0.006960762244052433,0.05229637962411548,-0.000487559479799473,-0.0045843623169001535,-0.006519864908265702,0.013443868665488154,0.013288050161701379,0.030246769454992457,-0.01791235258452412,0.009167549023137867,0.030454575048464286,0.0006674870308609032,-0.012002762377096288,-0.010138924842623496,-0.032892827151196104,-0.021596589626148296,0.001991213193544355
0.03621196267354754,0.378136641068165,1.0,0.5037639599108177,-0.1141466289342809,-0.10339686809996473,0.08404105655196259,0.13193349544554445,-0.03929617157902244,-0.17412288000792978,-0.3013203887480897,-0.1408568508152236,0.05109013388270381,-0.03186367737565443,-0.07110526044268001,-0.06295429468292976,0.017975423252556928,-0.0060293857777842545,-0.044800049718987274,-0.059280812322678,0.0015607282552998329,0.019965128718907845,0.01948586292161764,-0.0013560380345587063,0.008006741686166175,-0.005876676794743125,-0.08933550017274158,-0.014775491858755355,0.023516740675777033,0.016584731016063923,0.0043648828539194495,-0.00395543861327599,-0.004394384190782805,-0.03039081448956993,-0.08849090364797296,-0.08898528474175316,0.013905674102186254,0.025157046300593185,0.017984016994142482,0.005448796619572364,0.00689638489774671,0.06382124140922851,0.09895803981121899,0.05920572744286689,-0.03278274731784445,-0.00956595018462102,-0.018908448213646057,-0.001922948307746505,-0.014906298420805797,0.0019379432624368768,0.06519250737994486,0.05934997285074949,-0.02870879221703402,-0.024938674016796412,-0.012704069026706124,0.001991426870618275,0.0035216244357502762,-0.02759375101673082,-0.00735133406946873,-0.024424589260938188,0.02680051729993609,-0.009588656802866661,-0.016273543956169704,-0.015321540474709155,0.0007441211287187721
-0.01582046761948625,0.07553693427063513,0.5037639599108177,1.0,-0.02225769911682613,-0.10316170343959463,0.0021677476330953516,0.02990486784409099,-0.02393942024767751,-0.05298729322097774,-0.0892560895487473,-0.2840901365413064,0.03151327005646917,-0.08898469027894314,-0.07421764566735785,-0.06794370744378489,0.02338785561282783,0.039295029999517575,-0.06902186295421633,-0.11371686533396405,-0.03207390417173216,2.7293569865389057e-05,0.03175667552112958,-0.0005731635445507153,0.009337650303514395,-0.015588528189026273,-0.052431260350416675,-0.07062527816025929,0.021530518117023535,0.01998093470754099,0.005443041377329237,0.0024387295694844285,0.005122938247449655,-0.01687490056332403,-0.06968844939254533,-0.1332693651782972,-0.0014752863333416823,0.057611082471657006,0.023211538768018833,0.022580717223024644,-0.007031296251009262,-0.0035654168734495424,0.05765707789811592,0.14015904088108833,-0.017282716134852605,-0.000659868286003827,-0.02688822092827093,0.011243254169221763,-0.005670574395980411,0.0029595731601570557,0.053162520473841804,0.08431259261380535,-0.006532757555443804,-0.030763753321064093,-0.021563229067671455,-0.010563485359943503,-0.000626277621867766,-0.0016972632469971947,-0.020748600919839502,-0.035366569267228025,0.014362264319401175,-0.023786230618176515,-0.004240506062757012,-0.011865889178425232,0.0017482383064111769
-0.006096273297016553,-0.05517684143228606,-0.1141466289342809,-0.02225769911682613,1.0,0.5936115093377351,0.09539045114666787,0.061214135809201306,-0.0058741504238338195,0.009516432084218684,0.043234556736156414,0.02723305388376982,-0.3462626419036882,-0.08983220826560481,-0.04863201417723576,-0.02513306307883292,-0.007942682097332801,0.003423547667628894,0.022359566747366187,0.02806866437563782,-0.07207260979530739,-0.08580431369523217,-0.022955096114841637,-0.004900532906715749,-0.02585343999462096,-0.004675193402944253,0.011411783582066366,0.023048995075914055,-0.023673261294497008,-0.08054575595526901,-0.04483626220380213,-0.027678438120832868,-0.004887868065020375,0.01697178845387864,0.02092999049631456,-0.004776817144599205,-0.13369706926432445,-0.1061268105806989,0.01729198203907968,-0.01338948492472082,0.028845147287381,0.007781987369723773,-0.009881564504103196,-0.019855708763008396,0.10952808173537626,0.07334053827121835,0.03217585231990277,0.02675417730255519,-0.007896347157953409,-0.029920935123114247,-0.022607601233355108,-0.02965141150357073,0.05077436977291154,0.05716794218118775,-0.006735469324910634,0.006605664528694899,-0.024943967014720982,0.0078401377789156,-1.3151051368491978e-05,0.0024744019306683937,-0.009599948781134095,-0.005976036459044945,-0.012400834294865026,-0.02469859969800052,-0.01423004747050899
0.043161427574132404,0.003234878454698669,-0.10339686809996473,-0.10316170343959463,0.5936115093377351,1.0,0.26750701451782893,0.2215291508064316,-0.055030167574325474,-0.013445692540582787,0.054920418965048484,0.101636622990892,-0.16338327986288115,-0.19046018211918625,-0.15287208306065594,-0.10868959548320857,-0.040447170467502465,-0.004357985201699678,0.04492583945748963,0.08100155818095031,-0.14259041240238596,-0.1916893201418845,-0.06180561225305909,-0.04750236196746773,-0.03406952704951419,-0.0011831740062568294,0.04854498822315969,0.04059029858003186,-0.05087079466324815,-0.14437806603369885,-0.049806299886172425,-0.0262146148586193,0.034759346526315335,0.015381954787257806,0.0017333813709369224,-0.030182590774011295,-0.08903742002946072,-0.15577238960505885,-0.002257433552804512,-0.02237301335359708,0.05429881697145576,0.0002422910909371561,-0.038973120686161454,-0.05564691639719772,0.11627946145579755,0.15327391460398523,0.059585935115466775,0.038632097588808804,-0.020727997364279684,-0.01117394849282157,-0.03052350632091029,-0.016967838016164808,0.0456395491730251,0.09066824969133698,0.018392427141430037,0.026937935277719673,-0.04543825487345165,-0.0013003542486655856,0.019259183514976536,0.03610608832639124,-0.05553527830333208,-0.05216529002181952,-0.05075645299466327,-0.06104771134830647,-0.017542861344230946
0.15646169537353433,0.1112939438272762,0.08404105655196259,0.0021677476330953516,0.09539045114666787,0.26750701451782893,1.0,0.5395017986166689,-0.03503458295458468,-0.0007129521070486921,0.05209344343969303,0.05510601138447533,0.04150837954910161,0.056462448032016346,-0.25809222904738455,-0.10598924593623796,-0.02235259474080914,-0.01194042475345707,-0.022135590872661877,0.036408249313970256,-0.04275665928323098,-0.061798607101050576,-0.07556690862422036,-0.06275083786961566,-0.02604052807271692,0.002028301615523641,0.013475424291334795,0.02606242544309349,-0.01955126937777401,-0.04358557240593474,-0.0563673090970901,-0.027751864537846522,-0.0716182282665303,-0.04688054779230058,-0.041065045003834226,-0.03452984854373662,-0.03998080531957633,-0.09118788305294455,-0.14440732082760688,-0.13829920355599273,0.06989077585831914,0.00014716662828659943,-0.021791687195942436,-0.03251595166542805,0.029793007522089313,0.01731442685209411,0.11421624918480977,0.040434329345332504,0.030598652649368507,0.018444510409487812,0.008477287107200587,-0.031994051895263005,0.005205059397187794,0.05557177960217302,0.09069308548129223,0.08622449016105782,-0.0219829382241423,0.00234365416311734,-0.016380401335239173,-0.005854220114816008,-0.013199117480187855,0.0071997191377257755,-0.021741667507644374,-0.024134742332785848,0.03322901450095102
0.25455581425409063,0.162683948748309,0.13193349544554445,0.02990486784409099,0.061214135809201306,0.2215291508064316,0.5395017986166689,1.0,-0.09717892733481158,-0.04034857445749459,-0.009307295535962896,0.03573857515207039,0.007939934292640336,-0.013228451899161746,-0.21213233061219777,-0.3582946740608757,-0.023697966432692456,-0.019726433462903738,-0.0304580328207641,0.020402110175012447,-0.02901464574174265,-0.054535643568089875,-0.04324490959932712,-0.038132798903945914,-0.010841719948323359,-0.018374359224106837,-0.0075810945826599325,0.002586979790504877,-0.006833461920865691,-0.02382485452365967,-0.04378072332234243,-0.040536524763946875,-0.06527655622814975,-0.006518492536836225,0.012043488019094328,0.006245318983110407,-0.01971358963242552,-0.05617727717770117,-0.06104816477008287,-0.12215572573434587,0.03073973749649744,0.02836675768431964,-0.013910828229611155,-0.021756966462170402,0.01499609755655714,0.02378227722389975,0.0427477005636472,0.02778754603168418,0.04647839012360251,2.5391263323157307e-05,0.017692963752192512,-0.0044812999490588465,0.004883946611867381,0.02562234538948036,0.05540754080114529,0.090608507020633,-0.0265753838472121,-0.003196935495756292,-0.004141789677294071,0.007030854440216734,-0.012582823284687782,-0.004636085378977331,-0.02254992419484048,-0.04919175623970983,-0.0002325168934568691
-0.3721600225468168,-0.035189935850745535,-0.03929617157902244,-0.02393942024767751,-0.0058741504238338195,-0.055030167574325474,-0.03503458295458468,-0.09717892733481158,1.0,0.2081969956510585,0.06067448729938905,-0.009531510799476221,0.023607539230132233,0.08323950913612171,0.17156908688842779,0.2724655892692997,-0.3878509882796236,-0.0872130726605166,0.009998818562033721,0.01741077444949421,0.014324349697605878,0.048337385789387566,-0.03330465379878021,-0.09085615608038504,-0.031200482983708255,-0.026633034009701434,-0.012747464532415882,0.016885484193948242,-0.031202877132035508,-0.022784472169915252,0.0016736779178991253,0.0007699995747432858,-0.02825473187224956,-0.007779627986033978,0.005936801660142142,0.005707375928163406,0.013126437374088033,-0.03704884875221091,-0.02078381691620537,-0.03091381043898664,-0.1200133649981158,-0.03366521737914963,-0.02081941194796611,-0.027301999848885497,-0.005083196164443218,-0.013877229383081878,-0.028671879086908842,-0.03996634251426249,0.10607773175457878,0.04109551593462625,-0.0028888616837465736,-0.009566896164050638,0.0033179535150994017,0.0036132724634517434,0.04539221162509892,0.031840482258068625,0.039769658322195194,-0.022630180634951653,-0.0075237134532839456,0.013161027395358012,0.007476351490655078,0.01948446494043196,0.01933948220095667,0.02672845399633309,0.0037883676946863835
-0.03457795348599836,-0.2741902154784406,-0.17412288000792978,-0.05298729322097774,0.009516432084218684,-0.013445692540582787,-0.0007129521070486921,-0.04034857445749459,0.2081969956510585,1.0,0.3390641027667657,0.07233720221301847,-0.040820880826323784,0.00848220190498468,0.09663522828561044,0.16940490324211904,-0.031168100898609538,-0.2871374584413548,-0.0878057477816398,0.011758463615256303,0.003921898679476479,-0.011563707698583623,-0.04417764256417904,-0.047192939273448545,-0.06758096956057665,-0.06483536895170278,0.035201297544249416,0.0025799330453008785,-0.0036436123371518386,-0.009701495047675745,-0.04006315305789826,-0.03769285626391275,-0.01602455172150801,-0.05471845264567648,-0.0397315033366773,-0.030769179962890265,0.006930519131216186,0.030856969882275227,-0.02482897358445266,-0.01255205600376811,-0.006452533494148494,-0.11921990711569735,-0.05162112074607271,0.0004898744648717527,0.020159801611683327,-0.02686883184655793,-0.00817077899756766,-0.013858679846250365,0.013244307859508914,0.1505544437903745,0.02868158058395665,0.0072217935417428014,0.001019584842324781,-0.0005242359601143526,0.019957101277174937,0.0012477174574873592,0.03268435108665099,0.055876496476843916,-0.01704182820285355,-0.028594035624011527,-0.017100801619683352,0.0014421322695236188,-0.015452007349307444,0.0011157350674525016,-0.005593403395651763
-0.000211236745486626,-0.09408869934919667,-0.3013203887480897,-0.0892560895487473,0.043234556736156414,0.054920418965048484,0.05209344343969303,-0.009307295535962896,0.06067448729938905,0.3390641027667657,1.0,0.5040726361216934,-0.11690444795142921,-0.13437606181837922,0.07470237286869494,0.10372414735138316,-0.03039992432539666,-0.11670121305645528,-0.3059142404300026,-0.13131388022311094,0.02672029589738888,-0.04998126771235516,-0.10267718169252013,-0.10093471575524778,0.0036064285285466197,-0.028067458399119543,-0.060203344283953505,-0.07974296407515516,0.030375593252608364,0.0488738210368934,0.023443886518564452,0.019824322161084755,0.008200758701296593,-0.007991193721609521,-0.06652953163247913,-0.08081451368600606,0.008955443162679948,0.06227136436306509,-0.026340990993139413,-0.014478752356350353,0.01099335897658456,-0.058952067720659425,-0.12119411901179315,-0.012119862196219482,0.024581588011695986,0.03462005365267362,0.044941982003456914,0.015081543257832147,-0.013922694817394722,0.022814791635727534,0.06432824343546256,0.03920105897595051,-0.0213653511158692,-0.020515842154091763,0.013878556484430883,0.011745741547797875,-0.013812342955118509,0.04385310692946292,0.06251671046502655,0.05846538112902784,-0.03236467704128082,-0.032669550053829856,-0.046183217473231924,-0.0269659958850005,-0.010368576953861893
-0.011972711817147085,-0.03513025863753447,-0.1408568508152236,-0.2840901365413064,0.02723305388376982,0.101636622990892,0.05510601138447533,0.03573857515207039,-0.009531510799476221,0.07233720221301847,0.5040726361216934,1.0,-0.020492191725472446,-0.117544076251199,-0.014623147401621574,0.020368929354301925,-0.043203819732069694,-0.06152145886872905,-0.11086196531511866,-0.26233105510677124,0.012022245570938823,-0.11027318372338588,-0.11569148873955085,-0.10091479212397904,0.03166645639121311,-0.010457606347303269,-0.08892120862360114,-0.11315717329560854,0.002598044476445,0.02578927431131823,0.022321958630868055,0.016636397682887254,0.044758297968768325,0.023032928523310566,-0.042382385366818875,-0.09951105789732215,-0.006982624043173604,0.05572658203579126,0.040535480138072295,0.039763164362926935,0.010399539439733442,0.01643701379578016,-0.05985019802190873,-0.1061801448868394,0.017962690469202954,0.07639535219773241,0.04043991341843281,0.005189232890035553,-0.011657245050390909,-0.03015676682790838,0.046614123551614955,0.11308887894791049,-0.023993011765522123,-0.013220869324719945,-0.01116663816967855,0.019884937532977886,-0.06441841386237175,-0.028104249781522823,0.05606113284197657,0.10550423478674811,0.0020780548105492126,-0.04441935470374375,-0.05018725641795754,-0.040101322445628376,0.0020411738349332235
0.03861402330087973,0.0211816554977417,0.05109013388270381,0.03151327005646917,-0.3462626419036882,-0.16338327986288115,0.04150837954910161,0.007939934292640336,0.023607539230132233,-0.040820880826323784,-0.11690444795142921,-0.020492191725472446,1.0,0.5970571616251733,0.1239219543047487,0.07734718716874399,-0.013078860525788863,0.008966870826297279,0.02902891234251803,0.0010761936996980057,-0.3420387237185158,-0.10397181123810709,-0.04556492853582274,-0.020052158327629598,-0.013736820328083625,0.005718810517019849,0.008887930607710561,0.009866402957431372,-0.07030617824111925,-0.09655631749529853,-0.002335247121819629,-0.020077437029790864,-0.02679349468981513,-0.004246791424945644,0.012766549634142008,0.005582944414208062,-0.04207720469849811,-0.08548496784101124,-0.04095975094047532,-0.029883663705929597,0.0037223669953038102,0.0010233062976970648,0.011736747778313444,0.008177386301443067,-0.09114011135792044,-0.0653215308138675,0.007366848390528355,0.010708805434974657,0.003094311524437806,-0.013770332045641992,-0.0247194034170436,-0.00039933663519323864,0.09333741977103927,0.06681210783216925,0.02620486977231537,0.0023703862054064257,-0.00023872523633700383,-0.004081906982121003,-0.024692135681791055,-0.0198458162874976,0.072835120728994,0.05529432949270497,0.003742058330051703,0.013113556053062764,-0.0008090692256482251
0.05851838684041738,0.0011549202532000165,-0.03186367737565443,-0.08898469027894314,-0.08983220826560481,-0.19046018211918625,0.056462448032016346,-0.013228451899161746,0.08323950913612171,0.00848220190498468,-0.13437606181837922,-0.117544076251199,0.5970571616251733,1.0,0.27386954358789123,0.2405137788526099,-0.0433425062607305,-0.00718940831572646,0.08187119661171363,0.09022346068280247,-0.16105276078413117,-0.15921869165645908,-0.1041925645377982,-0.05381620383426854,-0.027286274197890883,0.016922871171495428,0.019632630719807715,0.06813999734699945,-0.12585142787189635,-0.16727231624154715,-0.048284349252612505,-0.059618994198036186,-0.0382318496289453,-0.010393977474211866,0.03893318949898214,0.04699167692652267,-0.0658851370205182,-0.15524753731183602,-0.04881494470162348,-0.048809689715117906,0.002697250120509763,0.007117181524083084,-0.0021023301804909823,-0.024598710276519234,-0.0646099857947239,-0.1412406868093215,-0.010309733150119686,-0.0036117283763063253,0.02382119843252742,0.00039908523139771737,-0.030627928700632648,-0.0668343781038179,0.08520100495281344,0.12411797735135831,0.05959652870556123,0.014685619810867644,0.005684290891347142,-0.027767347247832454,-0.02976936647190637,-0.023793624664857446,0.07385135929963559,0.11123340724589703,0.011890057954829957,0.049621643067919614,-0.007745904077692538
-0.0011479297174548403,-0.04527107993435659,-0.07110526044268001,-0.07421764566735785,-0.04863201417723576,-0.15287208306065594,-0.25809222904738455,-0.21213233061219777,0.17156908688842779,0.09663522828561044,0.07470237286869494,-0.014623147401621574,0.1239219543047487,0.27386954358789123,1.0,0.5470158037445129,-0.02233169000474684,-0.008565985889276312,0.04362382657786961,0.04789880534116076,0.032832332246094074,0.0958440916864715,-0.24113863103228045,-0.07794499161939318,-0.04377148164836775,-0.054586326188264304,-0.03160969355946129,0.03942257555258161,-0.04799468668323293,-0.06856505655193416,-0.08241588366347498,-0.07129203599600537,-0.010969366588283508,0.004202558517852251,0.011782192296862018,0.03573639883683071,-0.017047203287785195,-0.07291509370934601,-0.07057785665152295,-0.04203901385190497,-0.00016063215025329577,0.02335738660678088,-0.019685033426952693,-0.02516257088873529,-0.03370712598788894,-0.07520124479999532,-0.07144650547764457,-0.04935247172840131,-0.005606616370431065,-0.002635416588548862,-0.01823003642862294,-0.062485036647776326,0.022319432276146408,0.03329190438641774,0.1040033992041089,0.042907059220547356,0.02545826432355595,0.016836994195631668,0.02424642443359933,0.01754326934572941,0.010731108189401463,0.04502192556935557,0.07211230841319786,0.08505653388345301,0.03784503024859276
-0.0349574442846194,-0.04071522326937392,-0.06295429468292976,-0.06794370744378489,-0.02513306307883292,-0.10868959548320857,-0.10598924593623796,-0.3582946740608757,0.2724655892692997,0.16940490324211904,0.10372414735138316,0.020368929354301925,0.07734718716874399,0.2405137788526099,0.5470158037445129,1.0,-0.07307539342153892,-0.04938230562678956,0.014894231394475212,0.027947604265860963,0.004636528963899587,0.010307973265538692,-0.22768001064160903,-0.3229674375766297,-0.03610015883972785,-0.031847073632091244,-0.031104133973663704,0.029171453920695607,-0.04178683135935944,-0.055870848241821564,-0.04177689663439519,-0.03675139458906341,-0.04447071585976723,-0.01978272373081759,-0.007720550766123554,0.01174685095215826,0.001942144913533214,-0.04246711695569759,-0.05000426752933405,-0.05187346764668774,0.007268598084697551,-0.03247274049829275,-0.027691163122536843,-0.029355969593860377,-0.01854501607095398,-0.06500264613019029,0.005211192319799438,-0.06995382710395111,0.012073180038823959,0.022478628431771924,-0.005032145647857876,-0.047212446109587025,0.022238734600080568,0.04342615104085006,0.08188271174533039,0.07510823072551932,0.017099938429737876,0.01962274263245679,0.012558494561482334,0.002769842198880379,0.011322864165424414,0.03981360906028257,-0.002967691924168348,0.08175415346163044,0.0023949434288224863
-0.01826780415377569,-0.03863141887330065,0.017975423252556928,0.02338785561282783,-0.007942682097332801,-0.040447170467502465,-0.02235259474080914,-0.023697966432692456,-0.3878509882796236,-0.031168100898609538,-0.03039992432539666,-0.043203819732069694,-0.013078860525788863,-0.0433425062607305,-0.02233169000474684,-0.07307539342153892,1.0,0.21016812369779694,0.026134320524713626,-0.05609470627097625,0.0444859307276254,0.07272459049082845,0.14255568801277976,0.27499016046347974,-0.3888746445387075,-0.024899126107445935,0.008953477275367223,0.031169908984981544,0.030397661819124858,0.0855875391715296,-0.010139984412849632,-0.010893275902436033,-0.03525066354601827,-0.021109074693299403,0.0013049817376219535,0.04760883702072116,-0.04136408547388969,-0.0296785785134763,-0.06370317119934808,-0.08358924800042303,-0.02875382446714544,-0.026827666333606903,0.04810108511657149,0.03865849859926208,-0.015859063339657774,-0.04481667926241292,-0.016791404474995383,-0.008716327169529907,-0.11590230219268591,-0.048893312360744415,-0.041963291614002446,-0.03048527356328184,0.0022752162098761326,-0.029670977901051325,-0.03743421839888871,-0.072831735170294,0.09039245644274378,0.05690744297039698,-0.02146926596051658,-0.05465190951148008,0.012935238661675272,0.015760628456381647,0.023032177812352193,0.020945811329514945,-0.007905115843493677
0.0025401887756625703,-0.021596909551269472,-0.0060293857777842545,0.039295029999517575,0.003423547667628894,-0.004357985201699678,-0.01194042475345707,-0.019726433462903738,-0.0872130726605166,-0.2871374584413548,-0.11670121305645528,-0.06152145886872905,0.008966870826297279,-0.00718940831572646,-0.008565985889276312,-0.04938230562678956,0.21016812369779694,1.0,0.33275582572574725,0.03883717063924545,-0.04491018560982704,0.00011433472280547355,0.10272936253627821,0.18408401851064485,-0.0486501966800258,-0.30843131028263926,-0.1322746143936439,-0.005723883393274109,0.03958166059466889,0.01625784567309557,-0.0340961653098133,-0.030550926875818504,-0.0273785609031161,-0.018716319735113774,0.040039013451656016,0.08543387427373794,-0.013852512264587327,-0.023573977864118925,-0.05015901249022323,-0.05249503277587845,-0.03455660083886766,-0.07717313196955126,-0.011586392676427061,-0.026239588403099468,0.008077589779721676,-0.008722270654911433,-0.02214754593789411,-0.018694627540081284,-0.009364611004103825,-0.1146024358967559,-0.06601195932802008,-0.03086230689646366,-0.0030252093392338615,0.006919549679276462,0.004579155138537975,-0.00569480694792523,0.025349612585533674,0.15436170930257845,0.07258894497976777,-0.030403122581348155,0.0016500745037875643,0.017688182575830092,0.0619228602373401,0.058940286852768524,-0.016680232683291305
-0.0063083096285690915,-0.007432597920514947,-0.044800049718987274,-0.06902186295421633,0.022359566747366187,0.04492583945748963,-0.022135590872661877,-0.0304580328207641,0.009998818562033721,-0.0878057477816398,-0.3059142404300026,-0.11086196531511866,0.02902891234251803,0.08187119661171363,0.04362382657786961,0.014894231394475212,0.026134320524713626,0.33275582572574725,1.0,0.5018794255363643,-0.1140776828104579,-0.14677808854838345,0.09698691010614248,0.15079484574040408,-0.009358009747143448,-0.13832414430391562,-0.3161886332600321,-0.14437898115091177,0.054219563378179715,-0.033068938041172356,-0.12484252968885703,-0.10305612443689471,-0.012837324256382827,-0.026485590281687746,-0.0505280853310474,-0.02652621162243634,-0.0011663588271724312,0.008359595327199912,-0.016855816016335914,-0.015027007623578772,-0.0014952673727678222,0.019180782943422615,-0.056883393331680715,-0.0838690665477061,0.020476853533017227,0.03178640425276213,-0.002683731330926321,-0.0025501047269377614,0.0020470356212936897,-0.012576347932308364,-0.08147947500686888,-0.05004370235698197,0.02794121001203779,0.05198494928694679,0.01117700040909211,0.017993441324431675,0.029048576774788965,-0.000988319455341716,0.0819664205318846,0.06412190495590787,-0.029419751022988883,-0.009185599450606962,0.054923539836392817,0.061989708322629164,-0.00590557201706099
0.039260484481638436,0.02568565099302944,-0.059280812322678,-0.11371686533396405,0.02806866437563782,0.08100155818095031,0.036408249313970256,0.020402110175012447,0.01741077444949421,0.011758463615256303,-0.13131388022311094,-0.26233105510677124,0.0010761936996980057,0.09022346068280247,0.04789880534116076,0.027947604265860963,-0.05609470627097625,0.03883717063924545,0.5018794255363643,1.0,-0.019578445192063827,-0.12328277901416097,0.004794876112541882,0.03948021064877415,-0.007134144097432042,-0.033164275603652205,-0.11820242075664546,-0.2732849023510679,0.014692075763230889,-0.1031356159436229,-0.1109862606438343,-0.09742658647039695,-0.0017327484669311694,-0.019527618360083803,-0.05891201928082991,-0.06630701234095306,0.007012838959136889,0.005769030079016214,-0.010492359798241467,-0.024929744082208282,0.03531825848925048,0.05014708243315865,-0.07491039408252034,-0.10264436469799686,0.004966593112750949,0.03630500147674526,0.03842945441989633,0.05599454533641295,0.016518153072194054,0.023190187286499558,-0.02797131500193072,-0.1437733047044146,0.01304861913543369,0.08489411674848907,0.0375328133329065,0.024253330911294984,0.009558956433742586,0.008085044028668588,0.06587144207596868,0.103475637752951,-0.02506835274418642,0.0035879787527140937,0.0239835568418624,0.036405193414690416,-0.004583914626272874
0.0019502307675913996,-0.01555850001489193,0.0015607282552998329,-0.03207390417173216,-0.07207260979530739,-0.14259041240238596,-0.04275665928323098,-0.02901464574174265,0.014324349697605878,0.003921898679476479,0.02672029589738888,0.012022245570938823,-0.3420387237185158,-0.16105276078413117,0.032832332246094074,0.004636528963899587,0.0444859307276254,-0.04491018560982704,-0.1140776828104579,-0.019578445192063827,1.0,0.6259493709479995,0.11826888942262595,0.07404880317367235,-0.03216855131165381,0.03231258535653182,0.05157986623409165,0.03281206164526824,-0.3491942358155722,-0.07731524296360211,-0.046815202762545555,-0.01067905011826544,-0.014428211834970518,0.010358793572240703,0.03827240135734838,0.04237095860291438,-0.06445347019538301,-0.09173229175286475,-0.026236028555847554,-0.020405399621724038,-0.015513192895126421,0.010378579068465841,-0.003795455423304778,0.0036985994150765984,-0.03652044192489893,-0.10100167821269927,-0.041357696821626544,-0.042978093753820626,0.019526470664977327,0.0031934779905105357,0.02241110018923633,-0.01628200970850776,-0.12677171493465433,-0.11154237288469931,-0.002287863064735299,0.001938090566155179,0.015437818867890212,-0.0030294026454472885,-0.048842502509647424,-0.03156383513391383,0.12186841507975947,0.10643466712813843,0.03612936729435908,0.026397721431176895,0.004864102911021203
-0.009873321736481932,-0.011405226100602654,0.019965128718907845,2.7293569865389057e-05,-0.08580431369523217,-0.1916893201418845,-0.061798607101050576,-0.054535643568089875,0.048337385789387566,-0.011563707698583623,-0.04998126771235516,-0.11027318372338588,-0.10397181123810709,-0.15921869165645908,0.0958440916864715,0.010307973265538692,0.07272459049082845,0.00011433472280547355,-0.14677808854838345,-0.12328277901416097,0.6259493709479995,1.0,0.2765220435006016,0.21870169641139298,-0.04351324882370077,0.01430084316202018,0.09163113964156956,0.13596039180133435,-0.18147097096705148,-0.17441308783501475,-0.1145636952155141,-0.050046727687497745,-0.05736213700292187,-0.011621472522368713,0.04242042038053673,0.07094764390570697,-0.12566936438906737,-0.19115753861412474,-0.07286566398393503,-0.07608250515665585,-0.015823647890891836,0.0258507539666211,0.048396010113959324,0.03373509440813058,-0.07035796066868558,-0.15539453455476612,-0.05228444299347897,-0.05415464679143259,0.008180294662466779,-0.010706881281807223,-0.016686040358362245,-0.017526358814993013,-0.07250895741734784,-0.1395120783647161,0.002928480223356925,-0.004713191478778079,0.045073977359061455,0.03862946407824879,-0.060008525613492424,-0.10113033610971328,0.12297667162808043,0.15887121428523399,0.07310416127560904,0.06200494077950585,-0.0039895477031934076
-0.01521929032832571,-0.009769831956771788,0.01948586292161764,0.03175667552112958,-0.022955096114841637,-0.06180561225305909,-0.07556690862422036,-0.04324490959932712,-0.03330465379878021,-0.04417764256417904,-0.10267718169252013,-0.11569148873955085,-0.04556492853582274,-0.1041925645377982,-0.24113863103228045,-0.22768001064160903,0.14255568801277976,0.10272936253627821,0.09698691010614248,0.004794876112541882,0.11826888942262595,0.2765220435006016,1.0,0.5497011677685074,-0.03788834385139392,0.015416395980281078,0.009075645501091755,0.0735520721711678,0.03680264925414823,0.06732304778733188,-0.26504452210589446,-0.10877729662363454,-0.016494560206125528,-0.037447167626393885,-0.006548190865414662,0.017787160739815216,-0.05738469596725192,-0.056406704995009604,-0.0647677117443459,-0.04459505225356137,-0.06981212492983163,-0.02278998962350633,0.012726732848092576,0.033400522511766194,-0.02483434736298077,-0.06384734311084635,-0.0837038686378717,-0.05543512766588393,0.01805403394675374,-0.01670967269211826,-0.024931997501056,-0.016670266273537546,-0.018719867183233294,-0.08828941672622408,-0.09447354858571765,-0.09036906339687002,0.051609372235446906,0.01725506009477682,-0.01031390591160124,-0.07645245032160877,0.020034840107380346,0.040611611192102146,0.14011444657555913,0.0949005942673338,0.03657077898581522
-0.004439549143667462,-0.04782535021270638,-0.0013560380345587063,-0.0005731635445507153,-0.004900532906715749,-0.04750236196746773,-0.06275083786961566,-0.038132798903945914,-0.09085615608038504,-0.047192939273448545,-0.10093471575524778,-0.10091479212397904,-0.020052158327629598,-0.05381620383426854,-0.07794499161939318,-0.3229674375766297,0.27499016046347974,0.18408401851064485,0.15079484574040408,0.03948021064877415,0.07404880317367235,0.21870169641139298,0.5497011677685074,1.0,-0.08960473473767291,-0.019772823383047387,-0.012542029720847711,0.046929542067243625,0.016431822166931422,0.02924472064522818,-0.23183188243893388,-0.3344073768137385,-0.01489107827822396,-0.04048913167313877,-0.012502483523881728,0.020200905661484685,-0.04829727861605477,-0.06360680194984294,-0.05753818586368852,-0.05459175757359279,-0.052283531118393234,-0.0020310033474027498,0.009726191105424104,-0.011078551796290522,-0.02423193450417262,-0.05017500703312519,-0.050908319054701626,-0.047492744899876704,-0.02126905068759887,-0.013860351197532615,-0.027950334696699938,-0.008507045602488446,0.016493676343012836,-0.032689746164480955,-0.03032279853199197,-0.13951508836344667,0.03469431301435805,0.01107156930570985,-0.012006673183565485,-0.05150475344969079,0.0011934691492178318,0.02165185689239343,0.10085002375769347,0.11899904293218189,0.005595601065984825
-0.029440435200204233,-0.01780805643778585,0.008006741686166175,0.009337650303514395,-0.02585343999462096,-0.03406952704951419,-0.02604052807271692,-0.010841719948323359,-0.031200482983708255,-0.06758096956057665,0.0036064285285466197,0.03166645639121311,-0.013736820328083625,-0.027286274197890883,-0.04377148164836775,-0.03610015883972785,-0.3888746445387075,-0.0486501966800258,-0.009358009747143448,-0.007134144097432042,-0.03216855131165381,-0.04351324882370077,-0.03788834385139392,-0.08960473473767291,1.0,0.19303022705042003,0.016160450824845587,-0.05027940607904782,0.029114062845054144,0.03474761866262962,0.10324465114799494,0.2277195563671949,-0.34875348661701333,-0.05589051236618107,0.011470978935003498,0.022755693928104056,0.04207959401100291,0.0631602693158507,0.027295850389432764,0.0008519005151300346,-0.06019434302703405,-0.01939866677558449,-0.055035331193063926,-0.014297392303877368,-0.0013382492594431292,0.003885919269712157,-0.010879825874433407,-0.03551419166696515,-0.008035478142302226,-0.0032820468704150086,0.06655919432788085,0.04759188567615038,-0.017944953250111653,-0.019470240994792613,-0.05114698003070157,-0.015430649068485975,-0.1245279902581009,-0.06381070710554891,-0.03153993221017937,-0.0023565844834850967,0.005372220813441141,-0.02576068462403606,0.0031338609123260056,-0.039429986588601196,0.016898192184073946
-0.026358061781665,-0.08890335534379436,-0.005876676794743125,-0.015588528189026273,-0.004675193402944253,-0.0011831740062568294,0.002028301615523641,-0.018374359224106837,-0.026633034009701434,-0.06483536895170278,-0.028067458399119543,-0.010457606347303269,0.005718810517019849,0.016922871171495428,-0.054586326188264304,-0.031847073632091244,-0.024899126107445935,-0.30843131028263926,-0.13832414430391562,-0.033164275603652205,0.03231258535653182,0.01430084316202018,0.015416395980281078,-0.019772823383047387,0.19303022705042003,1.0,0.3548843315699965,0.07832547503249275,-0.05199977438285546,-0.017300886115111037,0.10533439644474017,0.12997312746994585,-0.051806098165242294,-0.327296222658454,-0.13435160731364534,-0.015920720825037704,0.012943178504712658,0.008165936866985498,-0.031492777115487015,-0.007901740435487584,-0.04435915162096604,-0.02038002332230466,-0.008355402947538797,0.013535642415312816,0.009028514834231309,0.008962757820816134,-0.01917424076858654,-0.012247726730775796,-0.0011092546463104178,-0.08251287979585067,0.003962001627525632,0.02590061297884142,-0.003071447831556691,-0.015175688804523958,-0.03686872100501958,-0.017996942877241847,-0.03097755904415361,-0.14687800972410872,-0.04428092473471509,-0.0249777916120484,0.012514531955280312,-0.013408359295359391,-0.01858562123658429,-0.051238635290469244,0.006161481945445727
0.01600163089977617,-0.06579584830682252,-0.08933550017274158,-0.052431260350416675,0.011411783582066366,0.04854498822315969,0.013475424291334795,-0.0075810945826599325,-0.012747464532415882,0.035201297544249416,-0.060203344283953505,-0.08892120862360114,0.008887930607710561,0.019632630719807715,-0.03160969355946129,-0.031104133973663704,0.008953477275367223,-0.1322746143936439,-0.3161886332600321,-0.11820242075664546,0.05157986623409165,0.09163113964156956,0.009075645501091755,-0.012542029720847711,0.016160450824845587,0.3548843315699965,1.0,0.48796720678955396,-0.11675632735042697,-0.13464841224626192,0.11136324827289354,0.1337351690252653,-0.010358409475534935,-0.14233088698474616,-0.3142877842910859,-0.16338727277054663,0.01841913151297989,-0.034638912365917054,-0.08315433216487249,-0.05815425061579868,0.0035783349170416647,-0.014823420533788724,-0.03261111350488283,-0.011237942033660419,0.027193629954411717,0.024299815581088003,0.00606693289118432,-0.02454425166143599,-0.006836835818127341,-0.02004652308744064,-0.08482095751574849,-0.06978335315499325,0.019898672665174713,0.022994282842721068,0.0013822815037438639,-0.0016290116362236923,0.00791752658625672,-0.025109255496411423,-0.10651112389303777,-0.04720881967760066,-0.004888211229569644,0.022083380999226437,-0.021022862985925525,-0.041665539917921296,0.004491463396588988
0.017931278021204304,0.014925145983603989,-0.014775491858755355,-0.07062527816025929,0.023048995075914055,0.04059029858003186,0.02606242544309349,0.002586979790504877,0.016885484193948242,0.0025799330453008785,-0.07974296407515516,-0.11315717329560854,0.009866402957431372,0.06813999734699945,0.03942257555258161,0.029171453920695607,0.031169908984981544,-0.005723883393274109,-0.14437898115091177,-0.2732849023510679,0.03281206164526824,0.13596039180133435,0.0735520721711678,0.046929542067243625,-0.05027940607904782,0.07832547503249275,0.48796720678955396,1.0,-0.023527691241943715,-0.09207282168242464,0.014500886456403256,0.038678573168330656,-0.02885786459523873,-0.03352953776972885,-0.11529334891542009,-0.2874025229304397,0.001851348066055912,-0.09919690787107478,-0.08583843559789495,-0.072426828094857,0.005038433015270696,-0.04017478922249314,-0.045881820748475396,-0.07605718183411594,0.00039335064008401215,0.012418041521958197,-9.716410672218173e-05,-0.03278828083479962,-0.000702382257391763,-0.0005799164774880534,-0.0836375440791023,-0.11940748331185363,-0.016620192640520323,-0.004366773266079785,0.01349517757005212,-0.011352720999483855,0.03898466583836554,0.025603970145214604,-0.07381763370162138,-0.1371345752462097,0.0026533822498132588,0.04265197539649025,0.02943573657483236,0.019097364320581477,-0.004518030943689763
-0.004649976740541566,0.00045482292509110416,0.023516740675777033,0.021530518117023535,-0.023673261294497008,-0.05087079466324815,-0.01955126937777401,-0.006833461920865691,-0.031202877132035508,-0.0036436123371518386,0.030375593252608364,0.002598044476445,-0.07030617824111925,-0.12585142787189635,-0.04799468668323293,-0.04178683135935944,0.030397661819124858,0.03958166059466889,0.054219563378179715,0.014692075763230889,-0.3491942358155722,-0.18147097096705148,0.03680264925414823,0.016431822166931422,0.029114062845054144,-0.05199977438285546,-0.11675632735042697,-0.023527691241943715,1.0,0.610528472465507,0.1210239052410686,0.08129059862256449,-0.018393106389772977,0.0011617989444414238,0.017739811957955907,0.008844823001268936,-0.33560509113835835,-0.07499526043258688,-0.05596128506283463,-0.010109254235211359,-0.01741004558548607,0.0018573987214925245,0.034143755655324654,0.02112247080665331,-0.07925707958256109,-0.08678508032063588,-0.015948561303689785,-0.004908865587959603,-0.014727975288504428,0.012950938874236102,0.022183272392551735,0.019219358045200446,-0.016852962887855923,-0.05220713020682157,-0.0383150942992237,-0.0289983277297724,0.00964478664880332,0.019223682439214223,0.022060153195265546,0.00397088597870757,-0.11944836077647539,-0.0996817266345655,-0.00030919925206544926,-0.007820372172964845,-0.02221226983550573
